COSMOS 2425 (716)       
1 29670C 06062A   17113.99979167  .00000002  00000-0  00000-0 0  1138
2 29670  65.4886 306.6891 0021536 351.8255 330.6995  2.13104959    12
COSMOS 2426 (717)       
1 29671C 06062B   17113.99979167  .00000002  00000-0  00000-0 0  1139
2 29671  65.5059 306.7777 0017315 157.1265  24.1212  2.13103043    18
COSMOS 2424 (715)       
1 29672C 06062C   17113.99979167  .00000002  00000-0  00000-0 0  1130
2 29672  65.4903 306.7003 0016803 156.0115 200.6659  2.13102155    10
COSMOS 2433 (720)       
1 32275C 07052A   17113.99979167  .00000003  00000-0  00000-0 0  1134
2 32275  65.4863  67.4550 0004311 295.5577 219.1252  2.13104608    17
COSMOS 2432 (719)       
1 32276C 07052B   17113.99979167  .00000003  00000-0  00000-0 0  1135
2 32276  65.4983  67.5258 0013904 334.4224 133.2507  2.13104053    10
COSMOS 2434 (721)       
1 32393C 07065A   17113.99979167  .00000002  00000-0  00000-0 0  1138
2 32393  65.1050 305.8639 0005935  96.5021 308.0467  2.13102787    18
COSMOS 2436 (723)       
1 32395C 07065C   17113.99979167  .00000002  00000-0  00000-0 0  1130
2 32395  64.6567 306.9885 0009615 215.5275 280.8510  2.13101619    14
COSMOS 2456 (730)       
1 36111C 09070A   17113.99979167 -.00000005  00000-0  00000-0 0  1132
2 36111  64.1779 185.4307 0005435 303.4210 272.0255  2.13102628    15
COSMOS 2457 (733)       
1 36112C 09070B   17113.99979167 -.00000005  00000-0  00000-0 0  1133
2 36112  64.1599 185.3507 0006263 181.1685 163.0899  2.13101306    19
COSMOS 2458 (734)       
1 36113C 09070C   17113.99979167 -.00000005  00000-0  00000-0 0  1134
2 36113  64.1653 185.3584 0001871 317.5467  74.6200  2.13101891    11
COSMOS 2459 (731)       
1 36400C 10007A   17113.99979167  .00000003  00000-0  00000-0 0  1132
2 36400  65.3953  66.5674 0029811 350.6998  26.5111  2.13102234    16
COSMOS 2461 (735)       
1 36401C 10007B   17113.99979167  .00000003  00000-0  00000-0 0  1133
2 36401  65.3882  66.5462 0006619  46.1189 241.6851  2.13102268    11
COSMOS 2460 (732)       
1 36402C 10007C   17113.99979167  .00000003  00000-0  00000-0 0  1134
2 36402  65.3785  66.5193 0002577 333.5168 355.6778  2.13101680    15
COSMOS 2465 (737)       
1 37138C 10041B   16325.99980324 -.00000001  00000-0  00000-0 0  3254
2 37138  64.7798 311.2195 0035339 175.9729 208.2584  2.13103435    12
COSMOS 2464 (736)       
1 37139C 10041C   17113.99979167  .00000002  00000-0  00000-0 0  1139
2 37139  64.7104 305.8783 0024276  17.1488 255.1410  2.13102750    11
COSMOS 2474 (742)       
1 37829C 11055A   17113.99979167 -.00000005  00000-0  00000-0 0  1135
2 37829  64.5022 185.9726 0009644 251.9774 183.5011  2.13101691    10
COSMOS 2476 (744)       
1 37867C 11064A   17113.99979167 -.00000005  00000-0  00000-0 0  1137
2 37867  64.4822 186.0457 0018845 245.5900 235.8159  2.13101736    19
COSMOS 2477 (745)       
1 37868C 11064B   17113.99979167 -.00000005  00000-0  00000-0 0  1138
2 37868  64.4905 186.0894 0016770 247.2482  53.3078  2.13101540    12
COSMOS 2475 (743)       
1 37869C 11064C   17113.99979167 -.00000005  00000-0  00000-0 0  1139
2 37869  64.4979 186.0802 0021730 271.6229 345.2949  2.13101665    13
COSMOS 2485 (747)       
1 39155C 13019A   17113.99979167 -.00000005  00000-0  00000-0 0  1131
2 39155  64.6517 186.0636 0019188 240.6064 285.8381  2.13101701    15
COSMOS 2492 (754)       
1 39620C 14012A   17113.99979167  .00000003  00000-0  00000-0 0  1139
2 39620  65.2680  66.4633 0017426 331.2462 229.2424  2.13103410    19
COSMOS 2500 (755)       
1 40001C 14032A   17113.99979167  .00000003  00000-0  00000-0 0  1136
2 40001  65.2086  66.4643 0005074 230.8045 192.8215  2.13102835    15
COSMOS 2501 (702)       
1 40315C 14075A   17113.99979167  .00000002  00000-0  00000-0 0  1130
2 40315  64.4374 307.2397 0013731 204.7012  25.6997  2.13098651    19
COSMOS 2514 (751)       
1 41330C 16008A   17113.99979167  .00000003  00000-0  00000-0 0  1137
2 41330  65.0093  66.6223 0008490 232.1024  11.3790  2.13103403    15