  7.3477373e+006  2.9065778e+001 -5.0356414e+001 -7.7056000e+002
  7.3477383e+006  4.9676280e+001 -8.6054483e+001 -7.6972493e+002
  7.3477393e+006  7.0419883e+001 -1.2198309e+002 -7.6799967e+002
  7.3477403e+006  9.1208517e+001 -1.5798969e+002 -7.6671210e+002
  7.3477413e+006  1.1191021e+002 -1.9384570e+002 -7.6615185e+002
  7.3477423e+006  1.3246268e+002 -2.2944325e+002 -7.6611443e+002
  7.3477433e+006  1.5287669e+002 -2.6480100e+002 -7.6633871e+002
  7.3477443e+006  1.7319440e+002 -2.9999194e+002 -7.6664160e+002
  7.3477453e+006  1.9345668e+002 -3.3508687e+002 -7.6693073e+002
  7.3477463e+006  2.1368995e+002 -3.7013157e+002 -7.6718494e+002
  7.3477473e+006  2.3390708e+002 -4.0514830e+002 -7.6739820e+002
  7.3477483e+006  2.5411418e+002 -4.4014766e+002 -7.6757821e+002
  7.3477493e+006  2.7431328e+002 -4.7513317e+002 -7.6773487e+002
  7.3477503e+006  2.9450357e+002 -5.1010341e+002 -7.6787951e+002
  7.3477513e+006  3.1468450e+002 -5.4505744e+002 -7.6801688e+002
  7.3477523e+006  3.3485506e+002 -5.7999353e+002 -7.6814814e+002
  7.3477533e+006  3.5501548e+002 -6.1491204e+002 -7.6827030e+002
  7.3477543e+006  3.7516678e+002 -6.4981475e+002 -7.6838720e+002
  7.3477553e+006  3.9531015e+002 -6.8470372e+002 -7.6849952e+002
  7.3477563e+006  4.1544640e+002 -7.1958039e+002 -7.6860745e+002
  7.3477573e+006  4.3557643e+002 -7.5444626e+002 -7.6871194e+002
  7.3477583e+006  4.5570139e+002 -7.8930335e+002 -7.6880770e+002
  7.3477593e+006  4.7582282e+002 -8.2415432e+002 -7.6889341e+002
  7.3477603e+006  4.9594016e+002 -8.5899822e+002 -7.6897911e+002
  7.3477613e+006  5.1663539e+002 -8.9349217e+002 -7.6864988e+002
  7.3477623e+006  5.4456958e+002 -9.2212031e+002 -7.6660263e+002
  7.3477633e+006  5.8146117e+002 -9.3587424e+002 -7.6505526e+002
  7.3477643e+006  6.1985796e+002 -9.3159375e+002 -7.6429745e+002
  7.3477653e+006  6.5164468e+002 -9.1057360e+002 -7.6422613e+002
  7.3477663e+006  6.7019515e+002 -8.7756799e+002 -7.6468358e+002
  7.3477673e+006  6.7193308e+002 -8.3968474e+002 -7.6561194e+002
  7.3477683e+006  6.6255722e+002 -8.0210008e+002 -7.6818337e+002
  7.3477693e+006  6.5444186e+002 -7.6339497e+002 -7.6998021e+002
  7.3477703e+006  6.5066346e+002 -7.2349266e+002 -7.7128507e+002
  7.3477713e+006  6.4974835e+002 -6.8313040e+002 -7.7219018e+002
  7.3477723e+006  6.4979420e+002 -6.4252727e+002 -7.7240980e+002
  7.3477733e+006  6.4997296e+002 -6.0174717e+002 -7.7220696e+002
  7.3477743e+006  6.5006609e+002 -5.6087875e+002 -7.7188920e+002
  7.3477753e+006  6.5006578e+002 -5.2000707e+002 -7.7157860e+002
  7.3477763e+006  6.5004070e+002 -4.7919300e+002 -7.7136345e+002
  7.3477773e+006  6.5002016e+002 -4.3846420e+002 -7.7123189e+002
  7.3477783e+006  6.5000824e+002 -3.9782189e+002 -7.7115219e+002
  7.3477793e+006  6.5000244e+002 -3.5725312e+002 -7.7109877e+002
  7.3477803e+006  6.5000033e+002 -3.1674334e+002 -7.7105973e+002
  7.3477813e+006  6.4999939e+002 -2.7628067e+002 -7.7102698e+002
  7.3477823e+006  6.4999922e+002 -2.3585558e+002 -7.7099584e+002
  7.3477833e+006  6.4999932e+002 -1.9546306e+002 -7.7096534e+002
  7.3477843e+006  6.4999931e+002 -1.5509676e+002 -7.7093396e+002
  7.3477853e+006  6.4999946e+002 -1.1475280e+002 -7.7090392e+002
  7.3477863e+006  6.4999918e+002 -7.4429803e+001 -7.7087475e+002
  7.3477873e+006  6.4999957e+002 -3.4127023e+001 -7.7084775e+002
  7.3477883e+006  6.5000078e+002  6.1561290e+000 -7.7082273e+002
  7.3477893e+006  6.5000121e+002  4.6421480e+001 -7.7079957e+002
  7.3477903e+006  6.5000044e+002  8.6674157e+001 -7.7077683e+002
  7.3477913e+006  6.5000029e+002  1.2691663e+002 -7.7075157e+002
  7.3477923e+006  6.4999980e+002  1.6714802e+002 -7.7073147e+002
  7.3477933e+006  6.4999992e+002  2.0736872e+002 -7.7071500e+002
  7.3477943e+006  6.5000005e+002  2.4757920e+002 -7.7070052e+002
  7.3477953e+006  6.4999970e+002  2.8777943e+002 -7.7068817e+002
  7.3477963e+006  6.4999981e+002  3.2796990e+002 -7.7067626e+002
  7.3477973e+006  6.5000028e+002  3.6815292e+002 -7.7066524e+002
  7.3477983e+006  6.5000032e+002  4.0833180e+002 -7.7065443e+002
  7.3477993e+006  6.5000022e+002  4.4850630e+002 -7.7064468e+002
  7.3478003e+006  6.5000009e+002  4.8867691e+002 -7.7063485e+002
  7.3478013e+006  6.5000010e+002  5.2884367e+002 -7.7062650e+002
  7.3478023e+006  6.5000001e+002  5.6900755e+002 -7.7061902e+002
  7.3478033e+006  6.4999998e+002  6.0916852e+002 -7.7061087e+002
  7.3478043e+006  6.4999968e+002  6.4932638e+002 -7.7060542e+002
  7.3478053e+006  6.4999971e+002  6.8948228e+002 -7.7059943e+002
  7.3478063e+006  6.4999957e+002  7.2963611e+002 -7.7059388e+002
  7.3478073e+006  6.4999906e+002  7.6978769e+002 -7.7059141e+002
  7.3478083e+006  6.4932470e+002  8.0993333e+002 -7.7017538e+002
  7.3478093e+006  6.3945510e+002  8.4861797e+002 -7.6803686e+002
  7.3478103e+006  6.1440789e+002  8.7889410e+002 -7.6638985e+002
  7.3478113e+006  5.7906164e+002  8.9430865e+002 -7.6552344e+002
  7.3478123e+006  5.4109197e+002  8.9193973e+002 -7.6533703e+002
  7.3478133e+006  5.0857392e+002  8.7262687e+002 -7.6569864e+002
  7.3478143e+006  4.8583113e+002  8.4181683e+002 -7.6751459e+002
  7.3478153e+006  4.6654703e+002  8.0784610e+002 -7.7023737e+002
  7.3478163e+006  4.4694013e+002  7.7333331e+002 -7.7191763e+002
  7.3478173e+006  4.2682264e+002  7.3855559e+002 -7.7269190e+002
  7.3478183e+006  4.0643218e+002  7.0355601e+002 -7.7284188e+002
  7.3478193e+006  3.8596413e+002  6.6838800e+002 -7.7271938e+002
  7.3478203e+006  3.6551370e+002  6.3312105e+002 -7.7246955e+002
  7.3478213e+006  3.4510936e+002  5.9781379e+002 -7.7217692e+002
  7.3478223e+006  3.2474734e+002  5.6253224e+002 -7.7196403e+002
  7.3478233e+006  3.0442290e+002  5.2731024e+002 -7.7181227e+002
  7.3478243e+006  2.8413212e+002  4.9215218e+002 -7.7170316e+002
  7.3478253e+006  2.6387042e+002  4.5704988e+002 -7.7161460e+002
  7.3478263e+006  2.4363307e+002  4.2199311e+002 -7.7153949e+002
  7.3478273e+006  2.2341531e+002  3.8697428e+002 -7.7147303e+002
  7.3478283e+006  2.0321428e+002  3.5198594e+002 -7.7140968e+002
  7.3478293e+006  1.8302886e+002  3.1702422e+002 -7.7135170e+002
  7.3478303e+006  1.6285629e+002  2.8208397e+002 -7.7129658e+002
  7.3478313e+006  1.4269444e+002  2.4716346e+002 -7.7124178e+002
  7.3478323e+006  1.2254301e+002  2.1226233e+002 -7.7119212e+002
  7.3478333e+006  1.0240041e+002  1.7737683e+002 -7.7114342e+002
  7.3478343e+006  8.2265302e+001  1.4250317e+002 -7.7109643e+002
  7.3478353e+006  6.2136358e+001  1.0764104e+002 -7.7105168e+002
  7.3478363e+006  4.2015264e+001  7.2789330e+001 -7.7100977e+002
  7.3478373e+006  2.1923616e+001  3.7935705e+001 -7.7095857e+002
  7.3478383e+006  6.0668962e+000  1.0518400e+000 -7.6926895e+002
  7.3478393e+006  2.3527439e+000 -3.8847424e+001 -7.6803620e+002
  7.3478403e+006 -1.5426043e+000 -7.8854037e+001 -7.6639202e+002
  7.3478413e+006  5.9213451e+000 -1.1778379e+002 -7.6431343e+002
  7.3478423e+006  3.0105678e+001 -1.4776508e+002 -7.6357089e+002
  7.3478433e+006  6.4344122e+001 -1.6436377e+002 -7.6472366e+002
  7.3478443e+006  1.0234976e+002 -1.6837863e+002 -7.6626888e+002
  7.3478453e+006  1.3804801e+002 -1.5545078e+002 -7.6792487e+002
  7.3478463e+006  1.6496504e+002 -1.2842390e+002 -7.6942406e+002
  7.3478473e+006  1.7824787e+002 -9.2269487e+001 -7.7062183e+002
  7.3478483e+006  1.7542325e+002 -5.3447576e+001 -7.7146004e+002
  7.3478493e+006  1.5680281e+002 -1.8875819e+001 -7.7194799e+002
  7.3478503e+006  1.2603422e+002  6.1523237e+000 -7.7264328e+002
  7.3478513e+006  9.1575224e+001  2.6901756e+001 -7.7320737e+002
  7.3478523e+006  6.1625633e+001  5.4217361e+001 -7.7092489e+002
  7.3478533e+006  4.5712202e+001  9.1238561e+001 -7.6907877e+002
  7.3478543e+006  4.7831308e+001  1.3087029e+002 -7.6814819e+002
  7.3478553e+006  6.7060852e+001  1.6500419e+002 -7.6806038e+002
  7.3478563e+006  9.5423857e+001  1.9246458e+002 -7.6998829e+002
  7.3478573e+006  1.2250368e+002  2.2178191e+002 -7.7150176e+002
  7.3478583e+006  1.4587289e+002  2.5452951e+002 -7.7286567e+002
  7.3478593e+006  1.6694014e+002  2.8903709e+002 -7.7385035e+002
  7.3478603e+006  1.8730841e+002  3.2421184e+002 -7.7407574e+002
  7.3478613e+006  2.0762420e+002  3.5963520e+002 -7.7382015e+002
  7.3478623e+006  2.2803223e+002  3.9512019e+002 -7.7343709e+002
  7.3478633e+006  2.4850871e+002  4.3057250e+002 -7.7305334e+002
  7.3478643e+006  2.6897830e+002  4.6596551e+002 -7.7273143e+002
  7.3478653e+006  2.8939808e+002  5.0129213e+002 -7.7248091e+002
  7.3478663e+006  3.0976368e+002  5.3654550e+002 -7.7230176e+002
  7.3478673e+006  3.3008291e+002  5.7173048e+002 -7.7215983e+002
  7.3478683e+006  3.5036565e+002  6.0685711e+002 -7.7204296e+002
  7.3478693e+006  3.7061929e+002  6.4193615e+002 -7.7193781e+002
  7.3478703e+006  3.9084962e+002  6.7697595e+002 -7.7184184e+002
  7.3478713e+006  4.1106120e+002  7.1198330e+002 -7.7175008e+002
  7.3478723e+006  4.3125642e+002  7.4696228e+002 -7.7166125e+002
  7.3478733e+006  4.5143769e+002  7.8191752e+002 -7.7157901e+002
  7.3478743e+006  4.7160593e+002  8.1685105e+002 -7.7150285e+002
  7.3478753e+006  4.9176244e+002  8.5176348e+002 -7.7143155e+002
  7.3478763e+006  5.1171212e+002  8.8677306e+002 -7.7123020e+002
  7.3478773e+006  5.2531631e+002  9.2453469e+002 -7.6920150e+002
  7.3478783e+006  5.2238423e+002  9.6399607e+002 -7.6737088e+002
  7.3478793e+006  5.0246787e+002  9.9733940e+002 -7.6631669e+002
  7.3478803e+006  4.7008029e+002  1.0177210e+003 -7.6596772e+002
  7.3478813e+006  4.3226448e+002  1.0211393e+003 -7.6617413e+002
  7.3478823e+006  3.9698055e+002  1.0071747e+003 -7.6678837e+002
  7.3478833e+006  3.6861467e+002  9.8106038e+002 -7.6887568e+002
  7.3478843e+006  3.4002379e+002  9.5397373e+002 -7.7084019e+002
  7.3478853e+006  3.0809879e+002  9.2990405e+002 -7.7211218e+002
  7.3478863e+006  2.7392425e+002  9.0855361e+002 -7.7313648e+002
  7.3478873e+006  2.3887587e+002  8.8820724e+002 -7.7348399e+002
  7.3478883e+006  2.0352572e+002  8.6799169e+002 -7.7331199e+002
  7.3478893e+006  1.6810342e+002  8.4766859e+002 -7.7296606e+002
  7.3478903e+006  1.3270826e+002  8.2724705e+002 -7.7258979e+002
  7.3478913e+006  9.7366555e+001  8.0681462e+002 -7.7228671e+002
  7.3478923e+006  6.2091431e+001  7.8642300e+002 -7.7207301e+002
  7.3478933e+006  2.6886080e+001  7.6608152e+002 -7.7192034e+002
  7.3478943e+006 -8.2563909e+000  7.4578447e+002 -7.7180631e+002
  7.3478953e+006 -4.3346982e+001  7.2552182e+002 -7.7170700e+002
  7.3478963e+006 -7.8395153e+001  7.0528646e+002 -7.7162351e+002
  7.3478973e+006 -1.1340821e+002  6.8507195e+002 -7.7154272e+002
  7.3478983e+006 -1.4839188e+002  6.6487399e+002 -7.7146838e+002
  7.3478993e+006 -1.8334997e+002  6.4469118e+002 -7.7140052e+002
  7.3479003e+006 -2.1828534e+002  6.2452187e+002 -7.7133469e+002
  7.3479013e+006 -2.5320270e+002  6.0436221e+002 -7.7126791e+002
  7.3479023e+006 -2.8810382e+002  5.8421195e+002 -7.7120476e+002
  7.3479033e+006 -3.2298893e+002  5.6407122e+002 -7.7114627e+002
  7.3479043e+006 -3.5785763e+002  5.4393910e+002 -7.7109294e+002
  7.3479053e+006 -3.9271365e+002  5.2381359e+002 -7.7104090e+002
  7.3479063e+006 -4.2756083e+002  5.0369470e+002 -7.7099029e+002
  7.3479073e+006 -4.6239875e+002  4.8358187e+002 -7.7094532e+002
  7.3479083e+006 -4.9722627e+002  4.6347488e+002 -7.7090708e+002
  7.3479093e+006 -5.3204298e+002  4.4337363e+002 -7.7087170e+002
  7.3479103e+006 -5.6685180e+002  4.2327706e+002 -7.7084056e+002
  7.3479113e+006 -6.0165535e+002  4.0318298e+002 -7.7081028e+002
  7.3479123e+006 -6.3645470e+002  3.8309188e+002 -7.7078197e+002
  7.3479133e+006 -6.7124933e+002  3.6300351e+002 -7.7075625e+002
  7.3479143e+006 -7.0603923e+002  3.4291788e+002 -7.7073110e+002
  7.3479153e+006 -7.4082444e+002  3.2283505e+002 -7.7070814e+002
  7.3479163e+006 -7.7560493e+002  3.0275509e+002 -7.7068620e+002
  7.3479173e+006 -8.1038055e+002  2.8267761e+002 -7.7066531e+002
  7.3479183e+006 -8.4515355e+002  2.6260129e+002 -7.7064664e+002
  7.3479193e+006 -8.7992482e+002  2.4252587e+002 -7.7063153e+002
  7.3479203e+006 -9.1469505e+002  2.2245156e+002 -7.7061748e+002
  7.3479213e+006 -9.4946409e+002  2.0237829e+002 -7.7060212e+002
  7.3479223e+006 -9.8423200e+002  1.8230566e+002 -7.7058794e+002
  7.3479233e+006 -1.0188849e+003  1.6203578e+002 -7.7043801e+002
  7.3479243e+006 -1.0494393e+003  1.3620977e+002 -7.6844545e+002
  7.3479253e+006 -1.0665211e+003  1.0066541e+002 -7.6664374e+002
  7.3479263e+006 -1.0658256e+003  6.1976137e+001 -7.6561859e+002
  7.3479273e+006 -1.0478530e+003  2.8353528e+001 -7.6530530e+002
  7.3479283e+006 -1.0167447e+003  6.8088326e+000 -7.6554622e+002
  7.3479293e+006 -9.7919436e+002  1.9819686e-001 -7.6694628e+002
  7.3479303e+006 -9.4026310e+002  1.3251141e-001 -7.6973590e+002
  7.3479313e+006 -9.0068347e+002  3.9730286e-001 -7.7160901e+002
  7.3479323e+006 -8.6058946e+002  3.8647030e-001 -7.7253977e+002
  7.3479333e+006 -8.2013976e+002  2.3327280e-001 -7.7278603e+002
  7.3479343e+006 -7.7947798e+002  8.4074014e-002 -7.7268658e+002
  7.3479353e+006 -7.3871864e+002 -2.5068858e-003 -7.7243818e+002
  7.3479363e+006 -6.9793663e+002 -2.5584922e-002 -7.7214274e+002
  7.3479373e+006 -6.5719232e+002 -2.1952257e-002 -7.7191648e+002
  7.3479383e+006 -6.1651582e+002 -1.3751801e-002 -7.7175363e+002
  7.3479393e+006 -5.7591225e+002 -6.9932934e-003 -7.7163900e+002
  7.3479403e+006 -5.3537397e+002 -3.0825762e-003 -7.7154910e+002
  7.3479413e+006 -4.9488937e+002 -1.0516967e-003 -7.7147450e+002
  7.3479423e+006 -4.5444858e+002 -1.3454964e-004 -7.7140650e+002
  7.3479433e+006 -4.1404321e+002  1.7002666e-004 -7.7134189e+002
  7.3479443e+006 -3.7366861e+002 -1.0223302e-005 -7.7127955e+002
  7.3479453e+006 -3.3331896e+002 -3.4565758e-004 -7.7121903e+002
  7.3479463e+006 -2.9299193e+002  3.1532848e-004 -7.7116547e+002
  7.3479473e+006 -2.5268683e+002  1.3830132e-003 -7.7111323e+002
  7.3479483e+006 -2.1240204e+002  8.8444002e-004 -7.7106461e+002
  7.3479493e+006 -1.7213271e+002 -6.1047103e-004 -7.7101814e+002
  7.3479503e+006 -1.3187671e+002 -1.4652143e-003 -7.7097296e+002
  7.3479513e+006 -9.1633629e+001 -5.8465028e-004 -7.7093181e+002
  7.3479523e+006 -5.1403847e+001 -2.5552241e-003 -7.7089458e+002
  7.3479533e+006 -1.1312390e+001  2.8070982e+000 -7.6963945e+002
  7.3479543e+006  2.5767860e+001  1.7834264e+001 -7.6810453e+002
  7.3479553e+006  6.2006075e+001  3.5166123e+001 -7.6672986e+002
  7.3479563e+006  9.2715419e+001  6.0439692e+001 -7.6448442e+002
  7.3479573e+006  1.0773312e+002  9.6081633e+001 -7.6353584e+002
  7.3479583e+006  1.0562258e+002  1.3408663e+002 -7.6444147e+002
  7.3479593e+006  9.0851797e+001  1.6936633e+002 -7.6596999e+002
  7.3479603e+006  6.2441649e+001  1.9454660e+002 -7.6760912e+002
  7.3479613e+006  2.5858321e+001  2.0515780e+002 -7.6912703e+002
  7.3479623e+006 -1.2157246e+001  1.9938946e+002 -7.7036069e+002
  7.3479633e+006 -4.4743304e+001  1.7821006e+002 -7.7124587e+002
  7.3479643e+006 -6.5982161e+001  1.4524326e+002 -7.7178069e+002
  7.3479653e+006 -7.2825390e+001  1.0623334e+002 -7.7246352e+002
  7.3479663e+006 -7.3644944e+001  6.6052744e+001 -7.7307910e+002
  7.3479673e+006 -8.2274921e+001  2.6461437e+001 -7.7081993e+002
  7.3479683e+006 -1.0631801e+002 -5.8690308e+000 -7.6898214e+002
  7.3479693e+006 -1.4166921e+002 -2.3902356e+001 -7.6805827e+002
  7.3479703e+006 -1.8084164e+002 -2.4361449e+001 -7.6796801e+002
  7.3479713e+006 -2.1880652e+002 -1.3547086e+001 -7.6990239e+002
  7.3479723e+006 -2.5773940e+002 -4.7731150e+000 -7.7142842e+002
  7.3479733e+006 -2.9778568e+002 -9.2284857e-001 -7.7280485e+002
  7.3479743e+006 -3.3820533e+002  6.4923499e-002 -7.7379784e+002
  7.3479753e+006 -3.7885385e+002  1.1799494e-001 -7.7402692e+002
  7.3479763e+006 -4.1969232e+002 -2.0296078e-003 -7.7377075e+002
  7.3479773e+006 -4.6063207e+002 -7.4570177e-002 -7.7338366e+002
  7.3479783e+006 -5.0157743e+002 -6.7410345e-002 -7.7300156e+002
  7.3479793e+006 -5.4246661e+002 -3.6440311e-002 -7.7268335e+002
  7.3479803e+006 -5.8327206e+002 -1.5499333e-002 -7.7243945e+002
  7.3479813e+006 -6.2398730e+002 -4.4762511e-003 -7.7225792e+002
  7.3479823e+006 -6.6462078e+002  3.1442923e-004 -7.7211598e+002
  7.3479833e+006 -7.0518561e+002  1.4107437e-003 -7.7199800e+002
  7.3479843e+006 -7.4569423e+002  1.3697190e-003 -7.7189386e+002
  7.3479853e+006 -7.8615713e+002  1.2065309e-003 -7.7179653e+002
  7.3479863e+006 -8.2658238e+002  9.3418752e-004 -7.7170531e+002
  7.3479873e+006 -8.6697454e+002  1.1296280e-003 -7.7161733e+002
  7.3479883e+006 -9.0733894e+002  1.1658880e-003 -7.7153542e+002
  7.3479893e+006 -9.4767773e+002  7.1899035e-004 -7.7145941e+002
  7.3479903e+006 -9.8799211e+002 -1.2859807e-004 -7.7138934e+002
  7.3479913e+006 -1.0282861e+003 -4.1718653e-001 -7.7106627e+002
  7.3479923e+006 -1.0674809e+003 -8.8769232e+000 -7.6894281e+002
  7.3479933e+006 -1.0990721e+003 -3.2589965e+001 -7.6718640e+002
  7.3479943e+006 -1.1163224e+003 -6.7307469e+001 -7.6620904e+002
  7.3479953e+006 -1.1159328e+003 -1.0552792e+002 -7.6591688e+002
  7.3479963e+006 -1.0983345e+003 -1.3915124e+002 -7.6617580e+002
  7.3479973e+006 -1.0674971e+003 -1.6127589e+002 -7.6685469e+002
  7.3479983e+006 -1.0304125e+003 -1.7216089e+002 -7.6911824e+002
  7.3479993e+006 -9.9268519e+002 -1.8372977e+002 -7.7095391e+002
  7.3480003e+006 -9.5601452e+002 -1.9977140e+002 -7.7220913e+002
  7.3480013e+006 -9.2051445e+002 -2.1889307e+002 -7.7318280e+002
  7.3480023e+006 -8.8538020e+002 -2.3913818e+002 -7.7346522e+002
  7.3480033e+006 -8.5018346e+002 -2.5965437e+002 -7.7326297e+002
  7.3480043e+006 -8.1485992e+002 -2.8016480e+002 -7.7290911e+002
  7.3480053e+006 -7.7947191e+002 -3.0059989e+002 -7.7253682e+002
  7.3480063e+006 -7.4410900e+002 -3.2098740e+002 -7.7223779e+002
  7.3480073e+006 -7.0881685e+002 -3.4133900e+002 -7.7202646e+002
  7.3480083e+006 -6.7360279e+002 -3.6165498e+002 -7.7187660e+002
  7.3480093e+006 -6.3845806e+002 -3.8193848e+002 -7.7176427e+002
  7.3480103e+006 -6.0336889e+002 -4.0219414e+002 -7.7166974e+002
  7.3480113e+006 -5.6832394e+002 -4.2242652e+002 -7.7158778e+002
  7.3480123e+006 -5.3331447e+002 -4.4263940e+002 -7.7151097e+002
  7.3480133e+006 -4.9833348e+002 -4.6283621e+002 -7.7143574e+002
  7.3480143e+006 -4.6337655e+002 -4.8301818e+002 -7.7136386e+002
  7.3480153e+006 -4.2844225e+002 -5.0318678e+002 -7.7129740e+002
  7.3480163e+006 -3.9352647e+002 -5.2334519e+002 -7.7123395e+002
  7.3480173e+006 -3.5862755e+002 -5.4349407e+002 -7.7117376e+002
  7.3480183e+006 -3.2374535e+002 -5.6363351e+002 -7.7111848e+002
  7.3480193e+006 -2.8887809e+002 -5.8376371e+002 -7.7106600e+002
  7.3480203e+006 -2.5402104e+002 -6.0388676e+002 -7.7101437e+002
  7.3480213e+006 -2.1917448e+002 -6.2400629e+002 -7.7096491e+002
  7.3480223e+006 -1.8433757e+002 -6.4412052e+002 -7.7091938e+002
  7.3480233e+006 -1.4951028e+002 -6.6422813e+002 -7.7087969e+002
  7.3480243e+006 -1.1469357e+002 -6.8432980e+002 -7.7084466e+002
  7.3480253e+006 -7.9885427e+001 -7.0442663e+002 -7.7081247e+002
  7.3480263e+006 -4.5082425e+001 -7.2452001e+002 -7.7078443e+002
  7.3480273e+006 -1.0284408e+001 -7.4461058e+002 -7.7075806e+002
  7.3480283e+006  2.4508588e+001 -7.6469819e+002 -7.7073405e+002
  7.3480293e+006  5.9296795e+001 -7.8478329e+002 -7.7070870e+002
  7.3480303e+006  9.4080423e+001 -8.0486556e+002 -7.7068559e+002
  7.3480313e+006  1.2885954e+002 -8.2494478e+002 -7.7066386e+002
  7.3480323e+006  1.6363449e+002 -8.4502161e+002 -7.7064618e+002
  7.3480333e+006  1.9840831e+002 -8.6509791e+002 -7.7062691e+002
  7.3480343e+006  2.3318001e+002 -8.8517327e+002 -7.7061122e+002
  7.3480353e+006  2.6795035e+002 -9.0524795e+002 -7.7059701e+002
  7.3480363e+006  3.0271947e+002 -9.2532176e+002 -7.7058145e+002
  7.3480373e+006  3.3748753e+002 -9.4539464e+002 -7.7056739e+002
